 15
-1 29 82 6 68 2 72 42 51 55 9 74 23 72 6
29 -1 55 46 42 43 43 23 23 31 41 51 11 52 21
82 55 -1 68 46 55 23 43 41 29 79 21 64 31 51
6 46 68 -1 82 15 72 31 62 42 21 1 1 43 64
68 42 46 82 -1 4 23 52 21 46 2 58 46 65 23
2 43 55 15 4 -1 61 23 55 31 33 37 51 29 9
72 43 23 72 23 61 -1 4 23 1 77 37 51 46 33
42 23 43 31 52 23 4 -1 3 15 37 33 33 31 37
51 23 41 62 21 55 23 3 -1 9 62 46 9 51 11
55 31 29 42 46 1 31 15 9 -1 51 21 41 23 7
9 41 79 21 2 33 77 37 62 51 -1 65 2 59 61
74 51 21 1 58 37 37 33 46 21 65 -1 61 11 5
23 11 64 1 46 51 51 33 29 41 2 61 -1 62 23
72 52 31 43 65 9 46 31 51 23 59 11 62 -1 59
6 21 51 64 23 9 33 37 11 7 61 5 23 59 -1
